data <- 5+37
## Fixes #2